{
  "advancedEditorSelectedIdentifier" : "ProjectBrowser",
  "openSceneRelativePaths" : [
    "Scene.usda",
    "Planets\/Untitled Scene.usda",
    "_PlainMaterial.usda"
  ],
  "recentIdentifiers" : {
    "5C83A86D-0660-411F-8D61-12C5E67C3E54" : [

    ],
    "91A87DAA-1D52-4C9A-96FB-ADC033121104" : [

    ]
  },
  "sceneCameraHistory" : {
    "2A022A9F-5E90-417B-BBDC-A6493CD1CDD9" : [
      {
        "date" : 710972709.74132597,
        "title" : "Untitled",
        "transform" : [
          1,
          0,
          -0,
          0,
          -0,
          0.86602544784545898,
          -0.49999994039535522,
          0,
          0,
          0.49999994039535522,
          0.86602544784545898,
          0,
          0,
          0.27093505859375,
          0.46927335858345032,
          1
        ]
      }
    ],
    "03E02005-EFA6-48D6-8A76-05B2822A74E9" : [
      {
        "date" : 710972059.82545197,
        "title" : "Untitled",
        "transform" : [
          1,
          0,
          -0,
          0,
          -0,
          0.86602544784545898,
          -0.49999994039535522,
          0,
          0,
          0.49999994039535522,
          0.86602544784545898,
          0,
          0,
          0.27093505859375,
          0.46927335858345032,
          1
        ]
      }
    ],
    "5C83A86D-0660-411F-8D61-12C5E67C3E54" : [
      {
        "date" : 710972781.76359904,
        "title" : "Untitled",
        "transform" : [
          0.99666798114776611,
          -1.1046161318972736e-08,
          -0.081564120948314667,
          0,
          -0.051639948040246964,
          0.77405339479446411,
          -0.63101083040237427,
          0,
          0.063135027885437012,
          0.63312041759490967,
          0.77147430181503296,
          0,
          0.036303631961345673,
          0.3640541136264801,
          0.44360974431037903,
          1
        ]
      },
      {
        "date" : 710972701.30008197,
        "title" : "Untitled",
        "transform" : [
          0.88631868362426758,
          -7.2538082207529442e-09,
          0.46307572722434998,
          0,
          0.018620714545249939,
          0.99919122457504272,
          -0.035639811307191849,
          0,
          -0.46270117163658142,
          0.040211081504821777,
          0.88560193777084351,
          0,
          -0.26606038212776184,
          0.023121999576687813,
          0.50923490524291992,
          1
        ]
      },
      {
        "date" : 710972647.27571404,
        "title" : "Untitled",
        "transform" : [
          0.82783216238021851,
          5.4772222313204111e-09,
          0.56097584962844849,
          0,
          0.5175100564956665,
          0.38595500588417053,
          -0.76368975639343262,
          0,
          -0.21651139855384827,
          0.92251759767532349,
          0.31950598955154419,
          0,
          -0.1244974285364151,
          0.53046202659606934,
          0.18372094631195068,
          1
        ]
      },
      {
        "date" : 710972604.21282399,
        "title" : "Untitled",
        "transform" : [
          1,
          0,
          -0,
          0,
          -0,
          0.86602544784545898,
          -0.49999994039535522,
          0,
          0,
          0.49999994039535522,
          0.86602544784545898,
          0,
          0,
          0.066112957894802094,
          0.11451102793216705,
          1
        ]
      },
      {
        "date" : 710972551.57927597,
        "title" : "Untitled",
        "transform" : [
          1,
          0,
          -0,
          0,
          -0,
          0.86602544784545898,
          -0.49999994039535522,
          0,
          0,
          0.49999994039535522,
          0.86602544784545898,
          0,
          0,
          0.27093505859375,
          0.46927335858345032,
          1
        ]
      }
    ],
    "6EE6D65B-B8E9-45F2-BC17-E3C5330E91CA" : [
      {
        "date" : 710972530.36431897,
        "title" : "Untitled",
        "transform" : [
          1,
          0,
          -0,
          0,
          -0,
          0.86602526903152466,
          -0.5000002384185791,
          0,
          0,
          0.5000002384185791,
          0.86602526903152466,
          0,
          4.0605664253234863e-05,
          0.55541926622390747,
          0.96212750673294067,
          1
        ]
      }
    ],
    "26DBAE76-5DD8-47B6-A085-1B4ADA111097" : [
      {
        "date" : 710972147.42547798,
        "title" : "Untitled",
        "transform" : [
          0.99996870756149292,
          -6.9362939003614343e-11,
          -0.0079129487276077271,
          0,
          -0.0044885114766657352,
          0.82355505228042603,
          -0.56721848249435425,
          0,
          0.0065167495049536228,
          0.56723624467849731,
          0.82352930307388306,
          0,
          0.0036708307452499866,
          0.2873072624206543,
          0.46136897802352905,
          1
        ]
      },
      {
        "date" : 710972144.72592402,
        "title" : "Untitled",
        "transform" : [
          0.99996864795684814,
          3.8356456899535374e-10,
          -0.0079129496589303017,
          0,
          -0.0045210397802293301,
          0.82070863246917725,
          -0.57132899761199951,
          0,
          0.0064942263998091221,
          0.57134687900543213,
          0.82068294286727905,
          0,
          0.0036594187840819359,
          0.28961071372032166,
          0.45992684364318848,
          1
        ]
      },
      {
        "date" : 710972140.14010298,
        "title" : "Untitled",
        "transform" : [
          0.999916672706604,
          1.496827523039812e-10,
          -0.012912673875689507,
          0,
          -0.01056420523673296,
          0.57503771781921387,
          -0.81805866956710815,
          0,
          0.0074252733029425144,
          0.8181268572807312,
          0.57498973608016968,
          0,
          0.0043166112154722214,
          0.42976528406143188,
          0.33272156119346619,
          1
        ]
      },
      {
        "date" : 710972134.58219004,
        "title" : "Untitled",
        "transform" : [
          0.9999687671661377,
          -2.6365179484066914e-10,
          -0.007900814525783062,
          0,
          -0.0034233871847391129,
          0.90125191211700439,
          -0.43328195810317993,
          0,
          0.0071206246502697468,
          0.43329548835754395,
          0.90122377872467041,
          0,
          0.0039726686663925648,
          0.2126346081495285,
          0.50019115209579468,
          1
        ]
      },
      {
        "date" : 710972131.90767395,
        "title" : "Untitled",
        "transform" : [
          0.95182240009307861,
          2.0103840370211401e-08,
          0.30664974451065063,
          0,
          0.16757389903068542,
          0.83748072385787964,
          -0.52013933658599854,
          0,
          -0.25681328773498535,
          0.54646676778793335,
          0.79713296890258789,
          0,
          -0.14364197850227356,
          0.27568149566650391,
          0.44585633277893066,
          1
        ]
      },
      {
        "date" : 710972124.44001901,
        "title" : "Untitled",
        "transform" : [
          0.99969536066055298,
          2.1888993395613454e-10,
          0.024682821705937386,
          0,
          0.015959791839122772,
          0.76283329725265503,
          -0.64639818668365479,
          0,
          -0.018828880041837692,
          0.64659518003463745,
          0.76260089874267578,
          0,
          -0.010224680416285992,
          0.35099068284034729,
          0.41411656141281128,
          1
        ]
      },
      {
        "date" : 710972042.82463396,
        "title" : "Untitled",
        "transform" : [
          1,
          0,
          -0,
          0,
          -0,
          0.86602544784545898,
          -0.49999988079071045,
          0,
          0,
          0.49999988079071045,
          0.86602544784545898,
          0,
          0,
          0.27138689160346985,
          0.47025597095489502,
          1
        ]
      }
    ],
    "91A87DAA-1D52-4C9A-96FB-ADC033121104" : [
      {
        "date" : 710972504.30168998,
        "title" : "Untitled",
        "transform" : [
          1,
          0,
          -0,
          0,
          -0,
          0.86602532863616943,
          -0.50000017881393433,
          0,
          0,
          0.50000017881393433,
          0.86602532863616943,
          0,
          4.0600320062367246e-05,
          0.37027758359909058,
          0.64145249128341675,
          1
        ]
      },
      {
        "date" : 710972501.77177095,
        "title" : "Untitled",
        "transform" : [
          1,
          0,
          -0,
          0,
          -0,
          0.86602532863616943,
          -0.50000017881393433,
          0,
          0,
          0.50000017881393433,
          0.86602532863616943,
          0,
          4.0600320062367246e-05,
          0.37083223462104797,
          0.64241325855255127,
          1
        ]
      },
      {
        "date" : 710972481.18745303,
        "title" : "Untitled",
        "transform" : [
          1,
          0,
          -0,
          0,
          -0,
          0.86602532863616943,
          -0.50000017881393433,
          0,
          0,
          0.50000017881393433,
          0.86602532863616943,
          0,
          4.0596605686005205e-05,
          0.55489295721054077,
          0.96121585369110107,
          1
        ]
      },
      {
        "date" : 710972431.55488896,
        "title" : "Untitled",
        "transform" : [
          1,
          0,
          -0,
          0,
          -0,
          0.86602544784545898,
          -0.49999994039535522,
          0,
          0,
          0.49999994039535522,
          0.86602544784545898,
          0,
          4.0507449739379808e-05,
          0.37004625797271729,
          0.64105236530303955,
          1
        ]
      },
      {
        "date" : 710972403.17039394,
        "title" : "Untitled",
        "transform" : [
          1,
          0,
          -0,
          0,
          -0,
          0.86602544784545898,
          -0.49999994039535522,
          0,
          0,
          0.49999994039535522,
          0.86602544784545898,
          0,
          0,
          0.27093505859375,
          0.46927335858345032,
          1
        ]
      }
    ],
    "71393687-2933-4D8A-AC10-8E59942BADC1" : [
      {
        "date" : 710972683.70876706,
        "title" : "Untitled",
        "transform" : [
          0.9923088550567627,
          5.2959103769012472e-10,
          0.12378647923469543,
          0,
          0.046550452709197998,
          0.92659753561019897,
          -0.37316212058067322,
          0,
          -0.11470025032758713,
          0.37605443596839905,
          0.91947096586227417,
          0,
          -0.062152642756700516,
          0.20377267897129059,
          0.49823388457298279,
          1
        ]
      },
      {
        "date" : 710972679.951805,
        "title" : "Untitled",
        "transform" : [
          1,
          0,
          -0,
          0,
          -0,
          0.86602544784545898,
          -0.49999994039535522,
          0,
          0,
          0.49999994039535522,
          0.86602544784545898,
          0,
          0,
          0.27093505859375,
          0.46927335858345032,
          1
        ]
      }
    ],
    "A7F5472A-5714-4CFE-92B7-3E7F79CE1EDE" : [
      {
        "date" : 710972061.23330104,
        "title" : "Untitled",
        "transform" : [
          1,
          0,
          -0,
          0,
          -0,
          0.86602544784545898,
          -0.49999994039535522,
          0,
          0,
          0.49999994039535522,
          0.86602544784545898,
          0,
          0,
          0.27093505859375,
          0.46927335858345032,
          1
        ]
      }
    ]
  },
  "selectedSceneRelativePath" : "Planets\/Untitled Scene.usda"
}